LSTM Forecasted values for the next 100 time steps:

 [0.7192737  0.73810726 0.7581545  0.7436845  0.6914639  0.6042524
 0.49913943 0.39420348 0.29326606 0.19576916 0.1086143  0.06197235
 0.0885814  0.19522545 0.35932356 0.51608217 0.60211736 0.61581796
 0.58310586 0.5512698  0.54119587 0.5461768  0.55985904 0.59185916
 0.64361    0.6905235  0.6998369  0.6570898  0.5739449  0.47384062
 0.37378454 0.27951956 0.1903917  0.11033124 0.06136925 0.0736583
 0.15749346 0.29571745 0.4368543  0.522563   0.5442544  0.5215958
 0.49201038 0.4802312  0.48495495 0.4984656  0.5244093  0.5690876
 0.6178218  0.6405014  0.617081   0.55143553 0.46365583 0.37175205
 0.2838375  0.2014841  0.12845835 0.08117883 0.08435171 0.14960895
 0.26479307 0.38976517 0.47462088 0.5038969  0.4903786  0.46390268
 0.44929674 0.44965142 0.4592104  0.47970584 0.5167252  0.5601872
 0.5851477  0.5722769  0.52128106 0.44702446 0.36544493 0.2855858
 0.21103492 0.14646795 0.10513236 0.106307   0.16004305 0.25658175
 0.36355254 0.44082102 0.47193086 0.46460354 0.44239223 0.42699766
 0.42342806 0.42859837 0.4443074  0.4744096  0.5101817  0.5314141
 0.5222996  0.48161915 0.41997093 0.3499619 ]