Forecasted NO2 values for next 100 steps:
142.71431
138.19337
135.81046
134.29623
133.08545
132.21313
131.26877
130.21939
129.30623
128.54268
128.14677
128.34785
129.23334
130.5679
132.21597
133.99338
135.73395
137.15224
137.91742
138.12746
137.85207
137.20593
136.3609
135.37799
134.43187
133.59114
132.88649
132.31326
131.85654
131.50198
131.23732
131.05493
130.95026
130.91782
130.95
131.03511
131.15628
131.29216
131.42053
131.52046
131.57477
131.57132
131.50476
131.37836
131.20135
130.98697
130.74982
130.5037
130.26076
130.03
129.8173
129.62566
129.4559
129.30728
129.17805
129.06578
128.96762
128.88026
128.80025
128.72403
128.6481
128.56935
128.48518
128.39366
128.29364
128.18483
128.06778
127.943634
127.81404
127.68091
127.54626
127.411865
127.27923
127.14955
127.02359
126.90174
126.784
126.670105
126.559654
126.452126
126.34683
126.2431
126.14021
126.037575
125.934654
125.83111
125.72666
125.62105
125.51438
125.40671
125.29827
125.189354
125.08019
124.971085
124.86235
124.754234
124.64693
124.540596
124.43528
124.330986